1.97262
1.98644
2.01261
2.048
2.0765
2.11211
2.14076
2.17495
2.22105
2.25299
2.28456
2.31634
2.34863
2.38273
2.41483
2.44579
2.4768
2.50857
2.54293
2.57776
2.62149
2.65565
2.68508
2.72079
2.74877
2.78115
2.8141
2.84748
2.87784
2.90895
2.94084
2.97235
3.02076
3.0537
3.08452
3.11632
3.14875
3.18034
3.21347
3.24432
3.27799
3.3091
3.34142
3.37297
3.42063
3.45252
3.48571
3.51648
3.54833
3.58077
3.61249
3.64409
3.67624
3.7099
3.74328
3.78976
3.82117
3.85244
3.88495
3.91604
3.94914
3.98024
4.01258
4.04469
4.07592
4.11597
4.15778
4.19065
4.22066
4.2531
4.28512
4.31792
4.36575
4.38048
4.4286
4.45978
4.49262
4.5255
4.55842
4.60644
4.63735
4.66818
4.70072
4.73257
4.76445
4.81407
4.84496
4.8769
4.90921
4.94048
4.97327
5.02814
5.05373
5.08532
5.11735
5.14892
5.19469
5.22958
5.26187
5.2927
5.32519
5.35775
5.38957
5.43794
5.47018
5.50103
5.53307
5.56549
5.64489
5.6782
5.71054
5.74099
5.77346
5.80556
5.85337
5.88637
5.91622
5.94875
5.98052
6.01261
6.06126
6.09292
6.12623
6.15718
6.1883
6.22087
6.26852
6.30024
6.33254
6.3644
6.39777
6.47659
6.50972
6.54195
6.5751
6.60505
6.63701
6.66999
6.71764
6.75032
6.78024
6.81327
6.84487
6.87683
6.90952
6.94214
6.97398
7.02302
7.05299
7.08814
7.1182
7.14941
7.18145
7.21335
7.24987
7.28385
7.31935
7.37892
7.40736
7.43178
7.45766
7.48604
7.52567
7.55119
7.58628
7.61838
7.65142
7.68256
7.71245
7.74287
7.78997
7.82292
7.86209
7.88626
7.91867
7.95083
7.98348
8.01499
8.04874
8.08485
8.11431
8.15081
8.19725
8.22994
8.26526
8.31012
8.33991
8.36164
8.39021
8.42384
8.44735
8.48123
8.5129
8.54756
8.59257
8.62435
8.66141
8.6886
8.7204
8.75662
8.78358
8.81576
8.84857
8.88258
8.91162
8.94557
8.99254
9.02304
9.05489
9.08681
9.12015
9.15181
9.18826
9.21818
9.24695
9.28061
9.31166
9.35925
9.3932
9.42428
9.45568
9.4879
9.51953
9.55126
9.58286
9.61719
9.65435
9.68175
9.71225
9.75961
9.79109
9.82382
9.85759
9.8887
9.92466
9.95179
9.98418
10.0146
10.0494
10.0865
10.1142
10.1594
10.1934
10.2252
10.2593
10.2928
10.3182
10.3515
10.3867
10.4149
10.4472
10.4858
10.5166
10.5671
10.5985
10.6318
10.6652
10.7006
10.729
10.75
10.783
10.815
10.8472
10.8804
10.9189
10.9733
11.0108
11.0368
11.0711
11.0993
11.1261
11.1697
11.1997
11.2281
11.2677
11.303
11.3536
11.3761
11.3963
11.4476
11.4708
11.5057
11.5498
11.5909
11.6304
11.6675
11.6984
11.7332
11.7624
11.7955
11.8213
11.8462
11.8641
11.8906
11.9189
11.954
12.0006
12.0365
12.0693
12.0947
12.1436
12.1704
12.2022
12.2363
12.2604
12.2908
12.323
12.3686
12.3885
12.4229
12.4743
12.5052
12.5398
12.5717
12.6008
12.6344
12.6673
12.6977
12.7371
12.7655
12.7961
12.8348
12.8714
12.9046
12.935
12.9766
13.0007
13.0319
13.0616
13.1063
13.1316
13.1597
13.1842
13.2168
13.2481
13.3012
13.3292
13.3606
13.3914
13.4305
13.4575
13.4886
13.5249
13.5635
13.5922
13.6263
13.6544
13.699
13.7353
13.7627
13.7919
13.823
13.857
13.8892
13.9231
13.9603
13.9889
14.0213
14.0486
14.094
14.1272
14.1895
14.2145
14.2422
14.2622
14.2919
14.323
14.3587
14.3873
14.4176
14.4477
14.4955
14.5276
14.5621
14.5967
14.6402
14.6704
14.7074
14.7318
14.761
14.7827
14.8172
14.8505
14.8958
14.9281
14.9598
14.9952
15.0339
15.0568
15.0924
15.1179
15.1528
15.1831
15.2164
15.2674
15.298
15.3263
15.3601
15.3921
15.4233
15.4608
15.4876
15.52
15.5531
15.5851
15.6164
15.6637
15.6999
15.7268
15.7592
15.791
15.8229
15.8553
15.8875
15.9224
15.9595
15.9824
16.0148
16.0629
16.0968
16.1322
16.1601
16.1923
16.2218
16.2547
16.2862
16.3228
16.3508
16.3818
16.415
16.4627
16.4948
16.53
16.5659
16.5955
16.6227
16.6567
16.6877
16.7195
16.7551
16.786
16.8157
16.8629
16.8972
16.9282
16.9645
16.9933
17.027
17.0579
17.0892
17.1229
17.1554
17.1911
17.2187
17.2682
17.2947
17.3266
17.3623
17.3933
17.4242
17.4566
17.4872
17.5181
17.554
17.5865
17.6423
17.6645
17.6977
17.7282
17.7605
17.7933
17.8295
17.8605
17.8879
17.9208
17.9512
17.9831
18.0469
18.0643
18.095
18.1272
18.1606
18.1937
18.224
18.2596
18.2959
18.3231
18.352
18.3837
18.4322
18.4649
18.4993
18.5324
18.5611
18.5939
18.626
18.658
18.6909
18.725
18.7548
18.789
