2.06452
2.07735
2.09973
2.14899
2.1808
2.21237
2.24397
2.2762
2.30902
2.34043
2.3733
2.40414
2.43647
2.48461
2.54964
2.58483
2.61378
2.64707
2.6772
2.70838
2.74058
2.77295
2.80459
2.85235
2.88824
2.94876
2.98041
3.014
3.04418
3.09173
3.10816
3.14086
3.18939
3.2218
3.25342
3.28453
3.34864
3.38114
3.41282
3.44451
3.47622
3.50895
3.54128
3.58905
3.62567
3.65233
3.68477
3.74834
3.78115
3.81209
3.84416
3.87711
3.90824
3.94044
3.98996
4.02353
4.0546
4.09342
4.15111
4.18304
4.21588
4.24769
4.27978
4.31801
4.34728
4.39304
4.42384
4.45568
4.48654
4.55109
4.58295
4.61622
4.64651
4.67914
4.72047
4.76336
4.79249
4.82506
4.85525
4.88942
4.95244
4.9821
5.01457
5.04831
5.0795
5.11116
5.15997
5.19363
5.22614
5.25424
5.28757
5.3512
5.38445
5.41537
5.44641
5.48007
5.5112
5.56001
5.59134
5.62778
5.65463
5.68669
5.75097
5.78325
5.81931
5.85132
5.8831
5.91119
5.95976
5.99112
6.02432
6.05626
6.08731
6.15572
6.18503
6.21433
6.24716
6.28016
6.31357
6.36211
6.39157
6.42428
6.45432
6.49017
6.55085
6.58305
6.61425
6.65004
6.67922
6.72652
6.75897
6.79074
6.82312
6.85422
6.88781
6.9556
6.98213
7.01447
7.0469
7.0791
7.12693
7.16032
7.19095
7.22638
7.25461
7.28726
7.35146
7.38672
7.41609
7.4472
7.48052
7.52644
7.57312
7.59652
7.62234
7.65409
7.6861
7.7507
7.78243
7.81894
7.85019
7.87932
7.92746
7.95967
7.99217
8.02951
8.05444
8.08648
8.16493
8.18285
8.21569
8.24818
8.28298
8.32722
8.35852
8.39081
8.42324
8.45711
8.49357
8.55223
8.58275
8.61489
8.64662
8.69544
8.72699
8.75937
8.79087
8.82409
8.85518
8.88803
8.95059
8.98247
9.01596
9.04883
9.09816
9.12731
9.15842
9.192
9.22288
9.25548
9.28639
9.35453
9.38274
9.41539
9.44741
9.495
9.5274
9.56224
9.59234
9.62589
9.65444
9.68657
9.75003
9.78262
9.82001
9.85124
9.89503
9.92677
9.96489
9.99291
10.022
10.055
10.0887
10.1547
10.1839
10.2194
10.2473
10.2954
10.3272
10.3586
10.3913
10.4254
10.455
10.4861
10.5524
10.5829
10.6161
10.6676
10.6974
10.7269
10.7594
10.7905
10.8236
10.8561
10.8873
10.9504
10.9823
11.0142
11.0628
11.1
11.1308
11.1606
11.1938
11.2245
11.2544
11.2884
11.3514
11.3837
11.4156
11.4633
11.4958
11.5326
11.5584
11.5914
11.6224
11.6544
11.6876
11.7551
11.7876
11.815
11.8622
11.8944
11.9268
11.9629
11.9905
12.0224
12.0543
12.0871
12.1506
12.1863
12.2162
12.2667
12.2973
12.3291
12.3604
12.4024
12.4248
12.454
12.4872
12.5526
12.5829
12.6338
12.6633
12.6962
12.7266
12.7606
12.7923
12.8311
12.8542
12.8868
12.9514
12.9832
13.0326
13.0664
13.0941
13.1262
13.1584
13.1904
13.2224
13.2549
13.2897
13.3515
13.3825
13.4303
13.4646
13.5
13.5263
13.5596
13.5916
13.6234
13.6552
13.6886
13.7504
13.7829
13.8326
13.8654
13.9003
13.9307
13.9596
13.9903
14.0224
14.0578
14.0867
14.1507
14.183
14.2306
14.263
14.2952
14.3288
14.3595
14.392
14.4256
14.4556
14.4868
14.5536
14.6021
14.6301
14.6632
14.6965
14.7274
14.7621
14.7903
14.8235
14.8554
14.8881
14.9524
15.0022
15.0303
15.0716
15.0943
15.126
15.1726
15.1906
15.2293
15.2539
15.2909
15.3503
15.3979
15.4369
15.462
15.4964
15.5376
15.559
15.5903
15.6236
15.6589
15.6861
15.7615
15.7997
15.8305
15.8676
15.901
15.9298
15.9588
15.9919
16.0269
16.0542
16.0918
16.1499
16.1984
16.2302
16.262
16.2964
16.329
16.3587
16.3907
16.4232
16.4545
16.4867
16.5235
16.5562
16.5999
16.6315
16.6645
16.6942
16.7311
16.7588
16.7903
16.8233
16.8546
16.8866
16.9208
16.9665
17.0022
17.0303
17.0631
17.0954
17.1294
17.1642
17.1941
17.2223
17.2543
17.2863
17.3182
17.3702
17.3982
17.4301
17.4626
17.4937
17.5265
17.5579
17.5944
17.6227
17.6557
17.687
17.7191
17.7665
17.8001
17.8363
17.8671
17.8947
17.9266
17.9591
17.9904
18.022
18.0545
18.086
18.1184
18.1649
18.1968
18.23
18.2609
18.2931
18.3259
18.3577
18.3893
18.4213
18.4538
18.4866
18.5177
18.5803
18.5964
18.6301
18.6627
18.7008
18.7251
18.757
18.789
18.8213
18.8536
18.8859
18.9324
18.9645
18.9972
19.0293
19.0612
19.094
19.1247
19.1573
19.1895
19.2213
19.2534
19.2852
19.3342
19.3654
19.396
19.4299
19.4608
19.4932
19.5266
19.5633
19.5886
19.6217
19.6532
19.6851
19.7338
19.7642
19.7972
19.8614
19.8934
19.9253
