1.18008
1.20008
1.21861
1.23918
1.26955
1.30558
1.33347
1.36467
1.39778
1.44918
1.48064
1.51333
1.54319
1.57392
1.60767
1.63681
1.66942
1.71162
1.74762
1.77561
1.81271
1.84452
1.88524
1.91143
1.94377
1.97909
2.00805
2.03715
2.06871
2.10189
2.1331
2.16744
2.21471
2.2455
2.28697
2.30994
2.34188
2.38352
2.40494
2.43873
2.47633
2.50273
2.53514
2.56523
2.61594
2.65016
2.67691
2.71076
2.74097
2.77296
2.80483
2.84229
2.86937
2.90118
2.93255
2.96586
3.01525
3.05377
3.08529
3.10969
3.14187
3.17314
3.20446
3.23727
3.27427
3.30152
3.3331
3.36502
3.414
3.44505
3.48575
3.51076
3.54404
3.57608
3.60868
3.63828
3.66976
3.71395
3.74029
3.78137
3.81349
3.84581
3.8774
3.91163
3.9439
3.97463
4.00626
4.03779
4.07291
4.10323
4.13653
4.18538
4.21328
4.24513
4.27734
4.30995
4.34258
4.37348
4.40664
4.44294
4.46982
4.5027
4.53412
4.58344
4.62154
4.64665
4.67835
4.71151
4.7427
4.77411
4.80806
4.84102
4.86936
4.90237
4.93486
4.98898
5.02074
5.05065
5.07761
5.1101
5.14615
5.18243
5.21306
5.2432
5.27071
5.30346
5.33437
5.38124
5.41883
5.45171
5.47878
5.51018
5.54283
5.57465
5.60705
5.64302
5.67654
5.70863
5.73409
5.78452
5.81416
5.85001
5.88189
5.91074
5.94431
5.98002
6.00578
6.03846
6.07501
6.10155
6.14947
6.18271
6.21902
6.24803
6.28297
6.32168
6.34262
6.37859
6.41053
6.43865
6.47001
6.50463
6.5557
6.58091
6.61331
6.64721
6.68003
6.71521
6.74587
6.77977
6.80713
6.83995
6.8765
6.90383
6.95822
6.98875
7.01471
7.04474
7.07966
7.1111
7.14182
7.17715
7.20584
7.23848
7.27125
7.30592
7.35255
7.38498
7.41636
7.44618
7.47759
7.50998
7.54203
7.55992
7.59145
7.63005
7.68941
7.71727
7.74955
7.79873
7.83829
7.8636
7.89857
7.9258
7.95976
8.00517
8.03972
8.06937
8.10177
8.13393
8.16535
8.21437
8.24753
8.28113
8.31054
8.34316
8.37439
8.42269
8.49688
8.52378
8.54966
8.5816
8.62945
8.66207
8.69738
8.72703
8.75771
8.79165
8.82188
8.86995
8.90443
8.93758
8.96525
8.99939
9.03013
9.06286
9.09391
9.13534
9.16074
9.1972
9.2217
9.26937
9.30169
9.33614
9.36876
9.39833
9.43035
9.46244
9.49385
9.52768
9.56621
9.59244
9.62251
9.67179
9.70294
9.73408
9.76816
9.80235
9.83333
9.86361
9.89444
9.92617
9.95832
9.99408
10.0384
10.0724
10.1029
10.1372
10.1647
10.199
10.2349
10.2619
10.2939
10.3265
10.3591
10.3894
10.445
10.4716
10.5015
10.533
10.5648
10.5992
10.6312
10.6633
10.7035
10.7267
10.7586
10.7904
10.8391
10.8715
10.9065
10.9331
10.9659
10.9977
11.0305
11.0613
11.0972
11.1315
11.1646
11.1917
11.241
11.2712
11.3074
11.3413
11.3678
11.3985
11.4307
11.4635
11.4961
11.5324
11.5589
11.5923
11.6386
11.6765
11.7125
11.7488
11.7839
11.811
11.8338
11.8615
11.8952
11.9268
11.9607
12.0121
12.0375
12.0697
12.1121
12.142
12.1813
12.2113
12.2415
12.2636
12.2986
12.3271
12.3589
12.412
12.441
12.4691
12.5016
12.5339
12.5649
12.5994
12.6329
12.6667
12.7131
12.7377
12.7681
12.8165
12.8452
12.87
12.9044
12.9341
12.9658
12.9978
13.031
13.0678
13.0979
13.1258
13.1578
13.2061
13.2385
13.2759
13.3055
13.3374
13.3681
13.4017
13.4324
13.4654
13.5062
13.5343
13.5657
13.6154
13.646
13.6723
13.7082
13.7362
13.7681
13.7999
13.8329
13.8646
13.9042
13.932
13.9779
14.01
14.0424
14.0733
14.1056
14.1424
14.1704
14.2018
14.234
14.266
14.2978
14.3299
14.3799
14.4112
14.4428
14.4762
14.5098
14.5418
14.5765
14.6123
14.6383
14.67
14.7012
14.7324
14.7812
14.8146
14.844
14.8762
14.908
14.9403
14.9724
15.0059
15.0378
15.0687
15.1016
15.1331
15.1803
15.2125
15.2464
15.278
15.3074
15.3398
15.3718
15.4038
15.4365
15.4742
15.5006
15.5329
15.5811
15.6119
15.6479
15.683
15.7135
15.7455
15.7778
15.8064
15.838
15.8772
15.9057
15.9531
15.9818
16.0139
16.0472
16.0813
16.1161
16.1458
16.1775
16.2084
16.2386
16.2708
16.306
16.3515
16.3833
16.415
16.4471
16.4782
16.5159
16.545
16.5751
16.6066
16.6399
16.6733
16.7024
16.7525
16.7827
16.815
16.8461
16.878
16.9112
16.9429
16.975
17.006
17.0383
17.0699
17.1043
17.1516
17.1829
17.2138
17.2471
17.2773
17.3093
17.3422
17.3731
17.4058
17.4346
17.4657
17.4975
17.5439
17.5764
17.6096
17.639
17.6698
17.7019
17.7334
17.7648
17.7961
17.8301
17.8616
17.9082
