2.04112
2.05656
2.07051
2.10292
2.13502
2.16686
2.1976
2.23156
2.2626
2.31168
2.34351
2.37488
2.40797
2.4398
2.4706
2.50297
2.53514
2.56745
2.59845
2.63021
2.66299
2.71047
2.74266
2.77553
2.80681
2.83895
2.87115
2.90266
2.93539
2.96674
2.99987
3.0307
3.08023
3.11117
3.14273
3.17435
3.20796
3.23827
3.27094
3.30378
3.33552
3.36645
3.39892
3.43359
3.46271
3.51096
3.54398
3.57537
3.60725
3.63988
3.6702
3.70243
3.73489
3.77089
3.79873
3.83106
3.87987
3.95167
3.97507
4.00902
4.04043
4.07234
4.10537
4.13572
4.16757
4.20099
4.23256
4.28019
4.31284
4.34366
4.37665
4.40932
4.44163
4.47242
4.50481
4.53526
4.56794
4.60076
4.6323
4.68025
4.71243
4.74584
4.77837
4.80853
4.83997
4.87215
4.90359
4.93766
4.96756
4.99957
5.03202
5.08066
5.11291
5.14522
5.17764
5.21034
5.23984
5.27223
5.30341
5.33487
5.36844
5.3992
5.43161
5.47963
5.51257
5.54431
5.57813
5.60891
5.63989
5.672
5.70294
5.73602
5.76778
5.79987
5.84888
5.88103
5.91353
5.94376
5.97692
6.00933
6.04171
6.07207
6.10386
6.13557
6.16786
6.19953
6.24888
6.28011
6.31399
6.34403
6.38786
6.40773
6.44722
6.47361
6.50394
6.53673
6.56779
6.60057
6.648
6.68071
6.7135
6.74546
6.77663
6.80846
6.83946
6.87117
6.90316
6.93548
6.96784
6.99985
7.049
7.0804
7.11255
7.14542
7.17602
7.20815
7.23972
7.27206
7.30392
7.3379
7.36909
7.41585
7.44815
7.48047
7.51319
7.54692
7.57613
7.60807
7.6408
7.67327
7.70461
7.75304
7.78414
7.81618
7.84804
7.88002
7.91284
7.94441
7.97687
8.00968
8.04053
8.12114
8.15259
8.18577
8.21639
8.24882
8.2806
8.31307
8.3448
8.37713
8.40984
8.45676
8.52081
8.55252
8.58418
8.61883
8.65073
8.68004
8.71298
8.74536
8.79203
8.82538
8.85633
8.92046
8.95233
8.98434
9.01609
9.04994
9.0798
9.11221
9.16125
9.19325
9.22527
9.25628
9.32234
9.35175
9.38356
9.41565
9.44802
9.50073
9.5291
9.5598
9.59281
9.62475
9.65653
9.72148
9.75207
9.7836
9.8178
9.86554
9.89631
9.93089
9.96104
9.99311
10.0245
10.0578
10.1348
10.1537
10.1999
10.2329
10.2648
10.2974
10.3292
10.3627
10.3963
10.4246
10.4568
10.5208
10.5797
10.5991
10.6322
10.6641
10.6962
10.7297
10.7607
10.7933
10.8238
10.8559
10.9042
10.9369
10.9683
11.0006
11.0323
11.0643
11.0968
11.1292
11.1608
11.1918
11.225
11.2724
11.3039
11.3364
11.368
11.4002
11.4332
11.4649
11.497
11.5283
11.5596
11.6088
11.6409
11.6731
11.7046
11.736
11.7686
11.8
11.8319
11.8649
11.8956
11.9282
11.9767
12.0077
12.0403
12.0731
12.1063
12.1373
12.1682
12.2013
12.2316
12.2641
12.3126
12.3459
12.3769
12.4091
12.4404
12.4733
12.5041
12.5417
12.5687
12.6009
12.6329
12.6807
12.7122
12.7469
12.777
12.8086
12.8404
12.8724
12.9041
12.936
12.9684
13.0156
13.0485
13.0799
13.1133
13.1455
13.1777
13.209
13.2409
13.2727
13.3037
13.3355
13.385
13.4168
13.4485
13.48
13.5132
13.5447
13.5764
13.6083
13.6397
13.6714
13.7198
13.7529
13.7843
13.8168
13.8492
13.8809
13.9125
13.9445
13.9758
14.0086
14.0402
14.1217
14.1538
14.1843
14.2165
14.2483
14.2815
14.3131
14.3459
14.3772
14.4253
14.4597
14.5199
14.5521
14.5841
14.6162
14.6481
14.6807
14.7129
14.7452
14.7926
14.8246
14.8564
14.922
14.9535
14.9844
15.0166
15.0482
15.081
15.1294
15.161
15.1931
15.2237
15.2557
15.3197
15.3527
15.3834
15.418
15.4481
15.4994
15.5292
15.5653
15.5934
15.6257
15.6568
15.7209
15.7522
15.7854
15.8335
15.8654
15.8975
15.9295
15.962
15.9939
16.0304
16.0628
16.1245
16.1549
16.2021
16.2418
16.2666
16.2984
16.3296
16.3616
16.3941
16.4257
16.4618
16.489
16.5374
16.5701
16.6033
16.6334
16.6737
16.6988
16.735
16.7629
16.7957
16.8274
16.8584
16.9097
16.9376
16.9685
17.0008
17.0331
17.0654
17.1013
17.1298
17.1635
17.1969
17.2445
17.2737
17.3144
17.3385
17.3708
17.4033
17.4336
17.4654
17.4979
17.5362
17.5636
17.6098
17.6413
17.674
17.7052
17.7425
17.7697
17.8012
17.8316
17.8638
17.8958
17.9491
17.9769
18.0091
18.0414
18.0729
18.1041
18.1361
18.1699
18.2008
18.2323
18.2647
18.3248
18.3447
18.3787
18.4086
18.4406
18.4725
18.5043
18.5365
18.5697
18.6012
18.6487
18.6805
18.7125
18.7452
18.7763
18.8086
18.8396
18.8717
18.9052
18.9366
18.9696
19.016
19.0487
19.0804
19.1129
19.1451
19.176
19.208
