2.02431
2.04189
2.1053
2.18453
2.25026
2.31348
2.37819
2.44198
2.5204
2.58575
2.64923
2.71314
2.77728
2.85768
2.95423
3.01779
3.13258
3.14609
3.22601
3.28906
3.38624
3.44855
3.51367
3.60496
3.65885
3.75378
3.81874
3.89759
3.96079
4.02625
4.12402
4.18577
4.26952
4.32964
4.39384
4.45769
4.55615
4.63409
4.6996
4.76143
4.82641
4.92302
5.00308
5.06694
5.13244
5.19505
5.25864
5.32256
5.40271
5.46646
5.53057
5.5956
5.65839
5.77387
5.83482
5.89864
5.9637
6.0256
6.08888
6.17074
6.23361
6.29855
6.36243
6.42556
6.49077
6.56965
6.63422
6.69901
6.76256
6.82634
6.89022
6.96959
7.03554
7.10501
7.16378
7.22759
7.29686
7.37457
7.43594
7.50731
7.57345
7.62943
7.69396
7.77396
7.83821
7.90426
7.97014
8.03136
8.09194
8.17144
8.23481
8.29936
8.36387
8.43009
8.49283
8.57817
8.64047
8.70081
8.76443
8.82879
8.89027
8.97633
9.04535
9.10239
9.16475
9.22762
9.31368
9.37659
9.44845
9.50958
9.56671
9.62863
9.71353
9.77527
9.83655
9.89976
9.96775
10.0273
10.1223
10.1842
10.2352
10.3004
10.3685
10.4378
10.5084
10.5712
10.6394
10.7018
10.7682
10.8346
10.9091
10.9707
11.0371
11.0991
11.1659
11.2325
11.3107
11.3765
11.4456
11.5018
11.5638
11.6279
11.7128
11.7744
11.8353
11.904
11.9787
12.0277
12.1101
12.1764
12.2435
12.3141
12.3635
12.4284
12.5082
12.5804
12.6375
12.6988
12.7672
12.8266
12.9096
12.9743
13.0376
13.0991
13.1639
13.243
13.3099
13.3753
13.4447
13.5059
13.5674
13.6508
13.7083
13.7708
13.8365
13.8987
13.9647
14.0449
14.107
14.1711
14.2352
14.2989
14.3633
14.4447
14.5098
14.5839
14.6353
14.702
14.763
14.8429
14.9116
14.9703
15.0378
15.1005
15.1653
15.2472
15.3073
15.3745
15.4457
15.5003
15.5655
15.6456
15.7075
15.7718
15.8344
15.8992
15.9626
16.0425
16.1074
16.1716
16.2363
16.3121
16.363
16.4475
16.5086
16.5711
16.6381
16.7018
16.7643
16.8434
16.9108
16.9714
17.0366
17.1005
17.1799
17.2452
17.3074
17.3706
17.4371
17.5019
17.5792
17.6447
17.7079
17.7799
17.8365
17.9001
17.9835
18.0439
18.1073
18.173
18.2342
18.2988
18.3797
18.4419
18.506
18.571
18.6344
18.6984
18.7806
18.8515
18.9063
18.9706
19.0348
19.0991
19.1777
19.2429
19.3063
19.3708
19.4347
19.4989
19.5827
19.6422
19.7074
19.7703
19.8346
19.899
19.9795
20.0426
20.1068
20.1701
20.2344
20.2976
20.3799
20.4423
20.5065
20.5708
20.6437
20.6984
20.7793
20.843
20.9074
20.9743
21.0356
21.1229
21.1796
21.2417
21.3064
21.3707
21.4398
21.5145
21.5783
21.6422
21.7063
21.7738
21.8368
21.9139
21.9778
22.0425
22.1051
22.1707
22.2354
22.3153
22.3789
22.4505
22.5068
22.5701
22.6341
22.7189
22.7785
22.843
22.9085
22.9708
23.0339
23.114
23.1797
23.2416
23.3068
23.3704
23.4339
23.5142
23.5798
23.6442
23.7082
23.7713
23.8473
23.9146
23.9793
24.0434
24.1074
24.1733
24.2343
24.3147
24.3801
24.4429
24.511
24.5704
24.6512
24.7202
24.7784
24.8438
24.9093
24.9708
25.0507
25.1144
25.1782
25.2423
25.3061
25.3719
25.451
25.5173
25.5799
25.6429
25.7077
25.7708
25.8507
25.9146
25.9789
26.0435
26.1067
26.171
26.2512
26.3144
26.3789
26.4425
26.5068
26.572
26.6579
26.7153
26.7795
26.8426
26.906
27.0551
27.1147
27.1793
27.2432
27.3069
27.3696
27.4508
27.5304
27.5784
27.645
27.7095
27.7742
27.8504
27.9148
27.9794
28.0437
28.1062
28.1716
28.251
28.3154
28.3793
28.4435
28.5077
28.5715
28.6512
28.7145
28.7795
28.8429
28.9087
28.9879
29.0515
29.1154
29.1794
29.2421
29.3063
29.3866
29.4499
29.5153
29.5805
29.6431
29.7069
29.7875
29.8513
29.9154
29.9802
30.0426
30.1071
30.1857
30.2508
30.3143
30.3777
30.4423
30.5057
30.5874
30.6511
30.7147
30.7783
30.8418
30.9064
30.9882
31.0509
31.1144
31.1801
31.2427
31.306
31.3883
31.4527
31.515
31.5797
31.6424
31.7063
31.7863
31.8512
31.9161
31.9908
32.0426
32.1066
32.1863
32.2529
32.3141
32.3789
32.4429
32.5072
32.5869
32.6526
32.7157
32.7788
32.8424
32.9248
32.9869
33.0508
33.1153
33.179
33.2421
33.3268
33.3853
33.4531
33.5145
33.5773
33.6424
33.727
33.7869
33.8502
33.9144
33.9793
34.0411
34.1558
34.2199
34.2821
34.348
34.4102
34.5232
34.5856
34.6513
34.7144
34.7777
34.8433
34.9547
35.018
35.0825
35.1455
35.21
35.2923
35.3875
35.4495
35.5136
35.5787
35.6433
35.7546
35.8191
