1.8801
1.89666
1.92596
1.95833
1.98942
2.0217
2.05383
2.08532
2.11823
2.16577
2.19821
2.22976
2.26118
2.29389
2.32622
2.35808
2.39099
2.423
2.45464
2.48974
2.52084
2.57297
2.60065
2.63247
2.66953
2.69687
2.72824
2.76217
2.79907
2.82956
2.86131
2.8985
2.93919
2.97221
3.01425
3.03777
3.06471
3.09677
3.12997
3.16142
3.19347
3.22962
3.25792
3.28846
3.33815
3.36854
3.40141
3.43842
3.46568
3.49883
3.5316
3.56572
3.59362
3.62575
3.66815
3.69525
3.73528
3.76836
3.80058
3.83116
3.86588
3.89614
3.92767
3.95971
3.99068
4.02632
4.05796
4.09764
4.13681
4.16811
4.19856
4.23051
4.26286
4.29488
4.32894
4.35905
4.39105
4.42257
4.4563
4.48687
4.53834
4.57088
4.60197
4.6352
4.66324
4.69557
4.72876
4.76309
4.79837
4.82496
4.85498
4.9032
4.93713
4.96982
5.00832
5.03894
5.06458
5.09856
5.13021
5.16279
5.19536
5.2306
5.25709
5.30481
5.33998
5.37333
5.40508
5.44199
5.47348
5.50413
5.53601
5.58275
5.61795
5.66315
5.68167
5.71368
5.73533
5.78411
5.80341
5.8194
5.85125
5.88328
5.91217
5.95075
5.97633
6.0244
6.05903
6.09434
6.12065
6.15434
6.18711
6.23519
6.26949
6.30404
6.33208
6.36167
6.39456
6.44187
6.47217
6.50956
6.53636
6.57077
6.60189
6.64912
6.68285
6.71894
6.7469
6.81122
6.84146
6.87392
6.92783
6.95587
6.98604
7.01738
7.049
7.08049
7.11277
7.14996
7.20898
7.24019
7.2737
7.32268
7.36005
7.38492
7.41591
7.45137
7.48211
7.51489
7.54543
7.61327
7.64212
7.67608
7.72281
7.75296
7.78804
7.82274
7.85104
7.88362
7.91215
7.94548
8.01523
8.04149
8.07323
8.12089
8.15241
8.18558
8.21923
8.25177
8.28297
8.31351
8.35109
8.40927
8.44297
8.47622
8.52337
8.56102
8.58513
8.61902
8.6516
8.68521
8.71295
8.74406
8.80916
8.84075
8.85702
8.8927
8.92465
8.95912
8.99144
9.01639
9.04822
9.08215
9.11715
9.14519
9.20927
9.24098
9.28865
9.32464
9.35372
9.38592
9.42372
9.45029
9.49719
9.53528
9.56199
9.59434
9.62605
9.65648
9.7032
9.73876
9.77121
9.80386
9.83159
9.86351
9.91185
9.94573
10.0113
10.0419
10.0725
10.121
10.1519
10.1864
10.2258
10.2489
10.28
10.3286
10.3604
10.3974
10.4295
10.4578
10.4952
10.5389
10.5697
10.603
10.639
10.6647
10.6979
10.7289
10.761
10.7944
10.8304
10.8643
10.9047
10.9369
10.9693
11.0005
11.0337
11.0732
11.1022
11.1309
11.16
11.1929
11.2246
11.2572
11.3065
11.3356
11.3673
11.4006
11.4326
11.4651
11.5036
11.5295
11.5618
11.5946
11.6269
11.6574
11.7084
11.7401
11.7717
11.8022
11.8336
11.8647
11.8964
11.9313
11.9619
11.9921
12.0242
12.0595
12.1098
12.1451
12.1745
12.2051
12.2326
12.2699
12.299
12.3282
12.3637
12.3967
12.4299
12.4786
12.5069
12.5361
12.5688
12.607
12.6338
12.6662
12.6982
12.7277
12.7624
12.7968
12.8249
12.8742
12.9038
12.9354
12.9692
12.9992
13.0356
13.0702
13.1012
13.1282
13.1627
13.1939
13.2288
13.2735
13.3053
13.3354
13.3699
13.4003
13.4328
13.4715
13.4973
13.5285
13.5612
13.5938
13.6259
13.6764
13.7081
13.7391
13.7703
13.8022
13.8333
13.8643
13.8986
13.9302
13.9604
13.9921
14.0247
14.0733
14.1059
14.1416
14.1689
14.2011
14.2348
14.2655
14.2987
14.3377
14.3631
14.3959
14.4406
14.4726
14.5055
14.5386
14.5712
14.6015
14.6434
14.6645
14.696
14.729
14.7674
14.7936
14.8437
14.8761
14.9069
14.9367
14.9705
15.0027
15.0338
15.0661
15.0964
15.1289
15.1603
15.1949
15.2405
15.2729
15.3068
15.3368
15.37
15.404
15.4378
15.4654
15.4959
15.529
15.5619
15.5938
15.6424
15.6751
15.7047
15.736
15.7697
15.8023
15.8346
15.8681
15.901
15.9359
15.9642
15.9928
16.0453
16.074
16.1044
16.1358
16.168
16.1998
16.232
16.2672
16.303
16.3317
16.361
16.4088
16.4429
16.483
16.5126
16.5401
16.5698
16.6006
16.6328
16.6638
16.6993
16.7291
16.7608
16.8097
16.8405
16.8726
16.9059
16.9401
16.9702
17.0013
17.0319
17.066
17.0969
17.1322
17.1613
17.2086
17.2405
17.2747
17.306
17.3389
17.3736
17.4009
17.4326
17.4659
17.4959
17.531
17.5657
17.6075
17.6382
17.6714
17.7024
17.7343
17.7665
17.8008
17.8317
17.8627
17.8948
17.9258
17.9587
18.006
18.0381
18.0705
18.103
18.135
18.1672
18.1983
18.2305
18.2623
18.2942
18.3273
18.4073
18.4407
18.4705
18.502
18.5338
18.5662
18.5982
18.6313
18.6617
18.6945
18.7263
18.8067
18.8378
18.8714
18.9021
